THREADS	| SIZE 	| SPEEDUP
-------------------------------------------------
2 	| 4000    	| 1.87127358694912212299 
2 	| 8000    	| 1.97840293569228736134 
2 	| 16000    	| 1.91857154695296178074 
2 	| 32000    	| 1.79626351818414968061 
4 	| 4000    	| 1.77381474785417142054 
4 	| 8000    	| 1.81386036007703527988 
4 	| 16000    	| 1.47367787784453430586 
4 	| 32000    	| 1.47992725647367024588 
8 	| 4000    	| 1.77090798557324151960 
8 	| 8000    	| 1.56621744895057374052 
8 	| 16000    	| 1.46346812557449343085 
8 	| 32000    	| 1.44920501917651032258 
16 	| 4000    	| 1.71011109973101035529 
16 	| 8000    	| 1.42737446808013577900 
16 	| 16000    	| 1.46115502406558525335 
16 	| 32000    	| 1.41320982953299702469 